pub-uid	0	1	2	3	4	5
10.1038_s41598_017_17705_3	0.07252680823629175	0.0985162764525185	0.16685550933743823	0.3552752326743356	0.0014970019582174617	0.3053291713411985
10.3389_fmicb.2017.02452	0.061662181962016664	0.3280276556549787	0.600452552785862	0.0032768319019987092	0.0032824780907569316	0.003298299604387129
10.1007_s15010_017_1054_8	0.0017409605835056207	0.0017422931584990119	0.001745351347262964	0.001758909590133866	0.001740501551685406	0.9912719837689131
10.1016_j.jgar.2017.07.002	0.0014491391298237003	0.6190684368144126	0.18898416310665822	0.18759834699338676	0.0014441582920225614	0.0014557556636961538
10.1016_j.ijid.2017.09.019	0.0014762376866118152	0.001475787540874938	0.29361679774980365	0.0014712496150040579	0.0014683936006096628	0.7004915338070958
10.1016_j.ijid.2017.10.013	0.0016736826482067777	0.1234947741485415	0.0016761087540424022	0.001674013697910728	0.001676328708629229	0.8698050920426694
10.1007_s11094_017_1690_4	0.0023561804496814187	0.9882049431530198	0.0023583259668703556	0.002363798532719569	0.002357248269629429	0.002359503628079366
10.5588_ijtld.16.0953	0.0012599596454638917	0.2002973109326021	0.001258266188325091	0.001262387699968676	0.0012639823044915362	0.7946580932291488
10.1093_jac_dkx316	0.0012398890858422056	0.9937797902556313	0.0012425585379277665	0.001244636359247287	0.001249954733587627	0.0012431710277636815
10.1016_j.jgar.2017.06.010	0.0013738373809105606	0.001381353488506934	0.0013771767628256593	0.04812182825616902	0.001371198558250885	0.9463746055533369
10.1097_INF.0000000000001691	0.0011382793125004206	0.0011379593969064411	0.09738560737889512	0.0011416235657116837	0.0011365336390785085	0.8980599967069077
10.1016_j.diagmicrobio.2017.08.016	0.0016471219094775418	0.5457106855592861	0.001640177677134458	0.4477205053206914	0.0016366920307178399	0.0016448175026925087
10.1007_s10096_017_3082_9	0.0014138950907485372	0.13958192301569086	0.14091561778699738	0.5681636942129646	0.0014127542873980238	0.14851211560620067
10.3389_fmicb.2017.02358	0.10415252892304476	0.7794308770839888	0.0012128235335072445	0.0012141915834792427	0.0012133604222641025	0.11277621845371581
10.1186_s13063_017_2292_x	0.001239715690478868	0.4066148095186236	0.001241134711470589	0.0012318858527779126	0.0012332385990017178	0.5884392156276473
10.2807_1560_7917.ES.2017.22.47.17_00103	0.0012876659714359967	0.0012801850049668957	0.4297771556411628	0.04203843639860861	0.08196980296793212	0.4436467540158936
10.1016_j.neucom.2016.08.151	0.035642401763372744	0.0784030632260331	0.5891000354114786	0.22686058049325875	0.0010612681035666674	0.06893265100229012
10.3389_fmicb.2017.02296	0.01940806672699982	0.8257414956005128	0.0009995211048779945	0.000995130855914855	0.1518576168777896	0.0009981688339049364
10.3389_fcimb.2017.00478	0.0009241809742085527	0.9679896475418176	0.000924105139992679	0.02831617620094045	0.0009209230484905055	0.0009249670945500947
10.1186_s12879_017_2810_1	0.0007994828144783606	0.0007986091802406962	0.04823159985606506	0.0008043942283293841	0.0007984935150107031	0.9485674204058757
10.1038_emi.2017.83	0.06410015302934507	0.0010102554807760549	0.14165489274207022	0.2426832640575899	0.0010162696016527567	0.5495351650885659
10.1186_s12879_017_2761_6	0.4838084033661032	0.45384307177632327	0.001132345813179708	0.05894122757646119	0.001131899467353713	0.001143052000578966
10.1007_s10096_017_3025_5	0.20511211119121775	0.10520571362485487	0.0013335139572167828	0.13221456002661314	0.2603552615715713	0.2957788396285262
10.1016_j.meegid.2016.07.001	0.5866802226124407	0.14225104292131935	0.13358956320410678	0.013311405702431325	0.0012329909337446647	0.12293477462595728
10.1016_j.meegid.2016.09.012	0.19729109475493817	0.7476443788782045	0.0010209985802026764	0.001018584541118989	0.0010128636917779374	0.052012079553757945
10.5588_ijtld.17.0468	0.03361555242920253	0.002480235117351547	0.567278335834646	0.002463546200886605	0.002470966782907904	0.3916913636350054
10.5588_ijtld.16.0826	0.001590822224065629	0.001597852242317757	0.06994462577334193	0.05941911032006478	0.0016373485828549044	0.8658102408573549
10.5588_ijtld.17.0230	0.0014229939000435057	0.001419882603684955	0.0014317691207395519	0.20372963808536154	0.0014251607231658163	0.7905705555670046
10.5588_ijtld.16.0839	0.11148010565210376	0.001262776572333168	0.7403221233469796	0.032028445712216955	0.0012649117352062837	0.11364163698116023
10.1128_JCM.01013_17	0.0986320089968003	0.2904911911322081	0.4670024254311202	0.0014815087454892399	0.09144503171834324	0.05094783397603888
10.1016_j.kjms.2017.06.011	0.37548678635657323	0.36278425909975304	0.15249507595276982	0.016967584815382377	0.0011545841293211891	0.09111170964620036
10.1590_0074_02760170062	0.185210037782702	0.07314442945510252	0.03406746021216539	0.7047298569582016	0.0014230649288590983	0.0014251506629693927
10.7196_SAMJ.2017.v107i11.12577	0.017215874482487594	0.051863901822065316	0.3820063240205581	0.0012025157053377786	0.11315069785612698	0.43456068611342424
10.1111_lam.12787	0.001264785451322997	0.40627796869098903	0.03063183641189367	0.33610246823087614	0.0012643753638650812	0.22445856585105323
10.3346_jkms.2017.32.11.1779	0.0021743067901775536	0.0021751952582397364	0.3667215381186221	0.002179441059936851	0.5272873576750764	0.09946216109794742
10.1093_cid_cix561	0.0012461008113524435	0.0012417786115618964	0.4103301532427647	0.043650512377668794	0.0012385603995143787	0.5422928945571378
10.1111_ijd.13708	0.0016569363205415175	0.0016676763447495255	0.16515016010981434	0.4720292208753857	0.35782433053090723	0.0016716758186016807
10.1371_journal.pone.0187211	0.3384014327396953	0.2768928567990948	0.10355303004354163	0.05473760450145579	0.0009556255103264159	0.22545945040588594
10.1093_cid_cix556	0.0010722279771282653	0.4802027329271331	0.0010764305629686161	0.08313740029603725	0.0010812776850251224	0.4334299305517077
10.1371_journal.pone.0181797	0.0009860536774262212	0.0009821048347814839	0.3523480643255686	0.030796993165277117	0.0009763842083016628	0.6139103997886449
10.1093_infdis_jix391	0.0011874142050770004	0.0011879071220743799	0.6937214290823427	0.0011947551503957378	0.021372193634983723	0.2813363008051266
10.1016_j.rmed.2017.08.002	0.0011833406380985098	0.001176583514502644	0.0011719487148815497	0.017002814720981592	0.0011713699406669727	0.9782939424708686
10.1017_S0950268817001911	0.05404801083493182	0.0014600264128866265	0.0014638198086225642	0.001462243647973008	0.0671492216474241	0.8744166776481619
10.1093_heapol_czx041	0.0009731087549098921	0.0009744114272036481	0.9951291032315862	0.0009749823394995113	0.0009724172078619615	0.0009759770389387523
10.1093_heapol_czx093	0.0010936889548288028	0.001097030839422345	0.3904104294115689	0.001094279686128583	0.001098316829923789	0.6052062542781276
10.1111_tmi.12934	0.0010820569394915627	0.0010830519322977765	0.15258439001275528	0.7022540685402379	0.001080439080022248	0.14191599349519515
10.1016_j.diagmicrobio.2017.06.018	0.0013940894696833858	0.36009825549241825	0.0013954927261897506	0.6343214127499474	0.0013925620785135346	0.001398187483247758
10.1016_j.ijid.2017.06.010	0.6579555210513319	0.337177278510847	0.001222850132536594	0.001215616618219755	0.0012109281051230368	0.0012178055819414035
10.1016_j.ijid.2017.07.025	0.0010080133697306889	0.0010112181335108922	0.001011338472842528	0.21690681321746902	0.09007870241376387	0.689983914392683
10.5588_ijtld.16.0939	0.0013311382572784446	0.0818518059287233	0.0013392359410294608	0.7128705421070458	0.0013396536989188973	0.20126762406700413
10.1186_s12879_017_2746_5	0.0008361704331259907	0.0008386879772011717	0.0008450337096135225	0.000846894261459633	0.0008366294624174529	0.9957965841561822
10.1016_j.ejmech.2017.05.057	0.0016845990123460584	0.9915568831791233	0.0016873323140086077	0.001694858812602573	0.0016878913280444293	0.0016884353538749862
10.1371_journal.pone.0184510	0.31597653891681615	0.3370833327918817	0.21970644037661538	0.001645102700361406	0.0016409776313298556	0.12394760758299557
10.3389_fmicb.2017.01768	0.0012909021171873935	0.9935393782221221	0.0012899859986773426	0.0012978353358464865	0.0012893549146799773	0.0012925434114867394
10.4103_0366_6999.213413	0.001829160008579304	0.0018269187261348403	0.39783466706848164	0.0018287321376737546	0.0018215518295040065	0.5948589702296264
10.1128_AAC.02586_16	0.0010798543536633689	0.0010845233635740663	0.001082725791645183	0.0010801588221207392	0.001085697299798729	0.994587040369198
10.7705_biomedica.v34i2.3437	0.0014091888596185838	0.001411733423511275	0.19329079011179404	0.8010601446141353	0.0014080946573255156	0.0014200483336152417
10.1590_0037_8682_0465_2016	0.08230191400303018	0.0015146947142319629	0.0834825743286166	0.0015189212108782362	0.0015249986230947692	0.8296568971201481
10.1016_j.jiph.2016.11.005	0.001299692874171593	0.9935078244162563	0.0012991183292402112	0.0012976301201428255	0.001297567805617862	0.0012981664545710428
10.1016_j.jiph.2017.04.008	0.14483636290607566	0.795139670820031	0.03101268050611007	0.0261479835529225	0.001426665472298097	0.0014366367425627151
10.1016_j.jgar.2017.04.010	0.10477362031798174	0.5508652047627473	0.0012190916092665717	0.0012294638367886792	0.0012123620659507557	0.34070025740726484
10.1016_j.jgar.2017.06.007	0.0010597927919790116	0.8664776166694503	0.08915870160616031	0.0010686149213829546	0.04117254946543814	0.0010627245455893306
10.1016_j.micpath.2017.07.005	0.0014368300816294645	0.7598009373349414	0.0014378297870904287	0.13480747681400493	0.0014301226141627667	0.10108680336817098
10.5588_ijtld.17.0086	0.044834118656817294	0.001737505598853847	0.28480301388108514	0.11295351521921301	0.0017238073722206846	0.55394803927181
10.5588_ijtld.17.0174	0.07476505450839471	0.07604785065020983	0.1376090527890131	0.06647900123222399	0.001470417277803516	0.6436286235423548
10.5588_ijtld.16.0794	0.0013179688873245178	0.0013208537417473748	0.23723449071489314	0.2668995618095547	0.0013254669996720875	0.49190165784680834
10.1128_AAC.00511_17	0.38520380423245804	0.2991570306270788	0.0010492778460812846	0.22288373239968826	0.0010457871311716049	0.09066036776352195
10.1128_AAC.02039_16	0.0012292252408353623	0.8499727958962856	0.08695501126172701	0.0012287387154230921	0.001234933493924544	0.05937929539180445
10.1016_j.tube.2017.07.002	0.0009159479701483868	0.43061537973773584	0.0009133903489440081	0.551134375492795	0.0009128579796708867	0.015508048470705983
10.1016_j.gene.2017.05.031	0.0014626993715426912	0.8782676930742456	0.04455286417756299	0.0014704416171446495	0.07278102528155202	0.001465276477952108
10.1186_s12879_017_2668_2	0.0011805660547223778	0.0011886653826396268	0.5722743036652547	0.001181836161156346	0.02353590369398726	0.4006387250422397
10.1186_s12879_017_2662_8	0.0008092330387477098	0.0008094836890718091	0.0008117489618622103	0.0008093731937863782	0.0008068338430228957	0.9959533272735089
10.1016_j.bmcl.2017.07.023	0.0018346592281856598	0.990810106801286	0.0018348578880094657	0.00184620393246911	0.0018367039577989696	0.001837468192250899
10.1038_s41598_017_07959_2	0.001950625750495982	0.0019498262239285157	0.9902386357549812	0.0019489796064457072	0.0019438127625041183	0.0019681199016445294
10.1186_s12879_017_2652_x	0.0014865453579849459	0.0014833101526887486	0.29936806261109594	0.001485832305508715	0.0014832998107706635	0.694692949761951
10.1371_journal.pone.0182780	0.0013071920400143985	0.0013080865342598356	0.2657758596073448	0.0013091504074385948	0.0013080536893830283	0.7289916577215594
10.1128_AAC.00490_17	0.19807906168400402	0.424129965931022	0.123358997433725	0.0012351467972917549	0.0012407241167390118	0.2519561040372183
10.3855_jidc.8009	0.0011963585309607775	0.0012066931031000845	0.0011988688248094832	0.9939965992866654	0.0011954742034086942	0.0012060060510555646
10.5588_ijtld.16.0933	0.0013590650252103184	0.00136100476210542	0.0013666152997159635	0.012946311646210329	0.0013601894537825859	0.9816068138129753
10.5588_ijtld.16.0850	0.24468347183498418	0.0013876914268213586	0.0014054318289413385	0.44984127941339513	0.0013854710821972242	0.3012966544136607
10.5588_ijtld.16.0717	0.03689682894708673	0.0016292665564711642	0.5738704082648431	0.0015995602226441326	0.0015931111900030514	0.3844108248189517
10.1016_j.ijantimicag.2017.01.042	0.002396373823562105	0.295562010458108	0.07843292543242135	0.0023898515184966255	0.10528645098887739	0.5159323877785346
10.1128_AAC.00343_17	0.001102572926242381	0.7767424434887811	0.0011037390043934683	0.001104981091237742	0.0011194852994818563	0.21882677818986357
10.1016_j.mimet.2017.06.007	0.0018814860260811927	0.19478473964768317	0.001897033001893795	0.7976617995444333	0.0018843087700047782	0.0018906330099037623
10.1186_s12879_017_2594_3	0.6198171241923881	0.2427993102274413	0.11591816253231552	0.0008837717586809188	0.0008755493725794582	0.019706081916594873
10.1371_journal.pone.0180916	0.029415619664066747	0.32465734562384746	0.0009529297621770063	0.0009585367303141867	0.05856199195597373	0.5854535762636208
10.1186_s13063_017_1996_2	0.020173005254900553	0.0009225595208903454	0.44580891549464974	0.03545026407360857	0.02839016422227949	0.4692550914336712
10.4103_0366_6999.208248	0.0013318813679848163	0.30242354050228126	0.0013372884168130741	0.6922477447657733	0.001327368838827351	0.0013321761083202573
10.1016_j.tube.2017.04.002	0.027550582400276656	0.8616498861869034	0.0933431282633505	0.0011828518742682086	0.015093078612110178	0.001180472663091023
10.1177_0192623317723085	0.0473532690250334	0.32202597312129755	0.26749532865682557	0.0016078319970553913	0.2259808947042915	0.1355367024954966
10.1183_13993003.00061_2017	0.0013127216337533076	0.001313387150960909	0.00131996542231285	0.0013117204831294617	0.0013056726527195233	0.993436532657124
10.5588_ijtld.16.0658	0.0017000371708696697	0.0016957389646766053	0.6311235507425641	0.0016890418001663894	0.001701200999098948	0.3620904303226242
10.5588_ijtld.16.0759	0.001581567733361399	0.0015839857764214692	0.41442323825901184	0.11793480725159203	0.0015851512788456045	0.4628912497007676
10.5588_ijtld.16.0510	0.19116750139662111	0.46224497467323955	0.0013619609485439727	0.0013623350005898386	0.0013594823777051859	0.3425037456033002
10.5588_ijtld.16.0949	0.002660753109830563	0.002660612522855254	0.7629836752318326	0.002659077046400634	0.002653740978880458	0.22638214111020044
10.1097_MD.0000000000007482	0.0017879339922840256	0.0017849377993596587	0.0017833230512891234	0.0017783600350020417	0.0017914422508694345	0.9910740028711957
10.1016_j.chest.2017.04.155	0.001157408962581189	0.001159629382883507	0.5968680433491478	0.0011541906889138073	0.021318131109233595	0.3783425965072401
10.1128_JCM.02257_16	0.19272755733034194	0.18320602349672527	0.04529535676602933	0.5764896775676452	0.0011384412347529474	0.0011429436045052527
10.3346_jkms.2017.32.7.1105	0.0012503790121629946	0.2849439123341055	0.14798251008589258	0.0962744029861378	0.001240873050845511	0.46830792253085557
10.1016_j.tube.2017.03.008	0.0014428495340319386	0.19032064322210995	0.0014231659746980058	0.803965941717648	0.0014241511857249155	0.001423248365787219
10.1371_journal.pone.0177536	0.0012387144043264553	0.001240014608921518	0.785605547355047	0.0012440491120802439	0.0012409109482787984	0.20943076357134616
10.1038_s41598_017_03514_1	0.29319486360282965	0.04114239666803063	0.0014529826762310445	0.001446334733060954	0.26221726242879956	0.40054615989104814
10.1080_16549716.2017.1293925	0.0012255672181304264	0.16479394406336895	0.07379267663342592	0.0012327066256989888	0.0012216337888819044	0.7577334716704939
10.1016_j.cmi.2017.01.004	0.0010200960622027536	0.07428436883545697	0.0010260675981514224	0.8547414352675531	0.0010220194701364687	0.06790601276649946
10.1590_0074_02760160376	0.09069728316691045	0.11354857448577214	0.001353971721768835	0.7917025280943984	0.0013481025610300932	0.0013495399701200148
pub-0105	0.0018734101203197195	0.04560130820669285	0.9010784838052727	0.0018581266871760273	0.0018599487912271907	0.04772872238931147
10.1016_j.jgar.2017.02.013	0.001205099242986103	0.3224608067361968	0.0012082432855236188	0.32066985072162285	0.0012051512426121255	0.3532508487710585
10.1128_JCM.02104_16	0.0011823043608496925	0.27588337703279336	0.020370300510826056	0.7002019681788768	0.0011782895741631043	0.0011837603424911488
10.1128_JCM.00152_17	0.0009360255588591894	0.5017344568759765	0.0009390563274533874	0.04215419328746199	0.0009344491612358169	0.453301818789013
10.1039_c7md00146k	0.003276755775010726	0.9835591049744203	0.003313663031403723	0.003283148388817455	0.0032821815263391293	0.003285146304008568
10.1128_AAC.02402_16	0.2045521288058952	0.4992368514508953	0.0010969244453342655	0.0010889830241589582	0.24852745596877512	0.04549765630494119
10.1128_AAC.00239_17	0.12784315305595795	0.7232362970520156	0.001584013572278013	0.001587864380583375	0.0015762672524067206	0.1441724046867583
10.3346_jkms.2017.32.6.954	0.06360285874490784	0.05865002263162359	0.19665894168205203	0.0932460161600824	0.0014687996855470543	0.586373361095787
10.1111_tmi.12875	0.9969320625614034	0.0006119365598123701	0.0006113446280663509	0.0006106902330396613	0.0006223179140892061	0.0006116481035890475
10.5588_ijtld.17.0135	0.12447920491162165	0.0013275017606146802	0.6314347976645833	0.0013279282890162414	0.0013282109830417082	0.24010235639112246
10.1016_j.ijantimicag.2017.01.024	0.001030596222086567	0.7991248760483318	0.0010294426913456554	0.0010278523331994699	0.0010393508525267275	0.1967478818525097
10.1016_j.meegid.2017.02.012	0.13847410976724808	0.7672553355732261	0.046831745620666256	0.045304743009945615	0.0010638053312278138	0.0010702606976860792
10.1186_s12879_017_2489_3	0.0010283400539194188	0.1143209610521517	0.0010241950134237017	0.8815827859500414	0.0010196154075447763	0.001024102522919039
10.12659_MSM.904682	0.00126012175749497	0.001260696122647534	0.0012622127465035068	0.0012619385205875828	0.0012586903005449024	0.9936963405522214
10.1371_journal.pone.0177167	0.01951374474613298	0.33399991342983776	0.0013797827349441853	0.6423578547495874	0.0013728422378428936	0.0013758621016547387
10.1371_journal.pone.0176660	0.012589029494531176	0.17630569996745996	0.0012788497117819163	0.1588073762285812	0.359146329892757	0.29187271470488874
10.1183_13993003.00387_2017	0.1810186582096659	0.0014586098496441212	0.0014621195218578026	0.0014612919288820398	0.0014611892464550602	0.8131381312434951
10.1177_1010539517700474	0.1285082790476366	0.18460703109332507	0.286020837140705	0.0019378361802590744	0.0019201305412871333	0.3970058859967871
10.1016_j.ijantimicag.2017.02.008	0.003226561995649252	0.43629248040404306	0.34190510384125017	0.003220930452212892	0.0032326840268556466	0.212122239279989
10.1016_j.arbres.2016.10.021	0.06503048056666488	0.0014499987193698379	0.0014473441334102218	0.0014486267257081658	0.0014463061665105465	0.9291772436883363
10.1016_j.tube.2017.02.006	0.17543602833657346	0.7088036102157799	0.0011732536744003574	0.11225263519886342	0.0011689583067436573	0.0011655142676391063
10.5588_ijtld.16.0544	0.0014377726277366402	0.47071212582781846	0.0014383566156401342	0.08355461625640043	0.0014286782771305766	0.4414284503952738
10.5588_ijtld.16.0779	0.0015054714346009613	0.001512300756147898	0.0015164522222836075	0.08267851845113258	0.001518359647893182	0.9112688974879418
10.1016_j.thorsurg.2017.01.003	0.0032772987733705092	0.0032901309531875164	0.5209751308773247	0.05710277452958706	0.0033129698763056568	0.4120416949902246
10.1017_S0950268817000267	0.0018490430564037205	0.0018536869826377648	0.931783442145294	0.0018428284867902946	0.0018556069432932433	0.0608153923855809
10.1080_17476348.2017.1309294	0.0018161470947763104	0.0018190619121754175	0.927315285968842	0.0018169364191931538	0.0018189819226200794	0.06541358668239312
10.3389_fmicb.2017.00711	0.0009929976985431565	0.9950349166901308	0.000992688528623867	0.0009941421623666704	0.0009908197062003254	0.0009944352141351832
10.1186_s12879_017_2409_6	0.001163489214184452	0.2607619009151683	0.0011652012307333275	0.5943684458199954	0.0011521740122256573	0.14138878880769282
10.1038_s41598_017_01213_5	0.0017256833266962	0.0017273557313009773	0.0017370428822616336	0.0017249643920347496	0.0017239121240717535	0.9913610415436346
10.1186_s12879_017_2389_6	0.0006344504519292577	0.018711964490435044	0.0006356073104527307	0.9787448621207742	0.0006346690490767432	0.0006384465773319994
10.1186_s12879_017_2343_7	0.0012786974717433227	0.2890907276840066	0.0012896038007107903	0.18149435365199146	0.085925925251015	0.4409206921405329
10.1186_s12913_017_2191_6	0.001012597702577456	0.0010192185016789632	0.2025899487175029	0.38350436681329286	0.0010131866992200273	0.41086068156572775
10.1016_S2213_2600_17_30079_6	0.029605046595365645	0.1412512115075092	0.826447087434903	0.0008965455381921506	0.0008978009484178306	0.0009023079756121199
10.4103_IJPM.IJPM_53_16	0.0013455002096667075	0.3172648781536318	0.029651330579005222	0.5783992671829514	0.0013460717970397594	0.07199295207770505
10.3346_jkms.2017.32.4.636	0.08580285631835513	0.09615196379272747	0.0015153219989681899	0.1011155473361169	0.001507233031315261	0.7139070775225171
10.1093_jac_dkw522	0.18326074378902268	0.12197498978827605	0.31963704700083934	0.37290300521725767	0.0011150045741266429	0.0011092096304777489
10.1099_jmm.0.000449	0.0014449778253635263	0.00144691572688973	0.0014457043349465795	0.9927692467064176	0.0014477116135930446	0.0014454437927895075
10.3791_55273	0.0014804394013559826	0.5412645761472602	0.45279532025251396	0.001494094503974948	0.0014837253488964347	0.0014818443459983918
10.1128_AAC.01783_16	0.0010691588122298682	0.6944319884463155	0.2077923985442354	0.0010685132835913228	0.04137262760163356	0.05426531331199432
10.5588_ijtld.16.0694	0.0016313024806334899	0.128289808033604	0.13195395349751027	0.11759958229302325	0.0016076507788422068	0.6189177029163868
10.1016_j.biopha.2017.01.098	0.0020173998613026464	0.8049023208012918	0.06522466419553881	0.0020129994349055167	0.12382211336641914	0.002020502340542179
10.1016_j.meegid.2017.01.002	0.0009476173787718557	0.9952591796422603	0.0009487402320501075	0.0009486224130451791	0.0009449911594124538	0.0009508491744600916
10.1371_journal.pone.0173804	0.0011002031819436846	0.0010964747713433014	0.03163888013553951	0.9639698100736727	0.0010938136892778606	0.0011008181482230288
10.1186_s12879_017_2323_y	0.0009455482505835917	0.10000552050290341	0.2112766950535211	0.0009569568289756424	0.0009459265257723554	0.6858693528382439
10.1186_s12906_017_1563	0.001203363238244844	0.9538872693321361	0.0012191008150487699	0.04125715544104055	0.0012147518251005333	0.0012183593484294721
10.1186_s12913_017_2118_2	0.7400644952732836	0.0007497051912717955	0.10959823180748056	0.07527293942403855	0.0007480190688966866	0.07356660923502871
10.1371_journal.pone.0172748	0.0010901784031485836	0.0010901337728867378	0.7296882757624301	0.03503426756497032	0.0010876852855256696	0.2320094592110386
10.1016_j.bjid.2016.11.006	0.012864165865220335	0.0009039295376631163	0.000909229440824201	0.000899299979447577	0.0008988805396418767	0.9835244946372029
10.1183_13993003.01799_2016	0.17667622462315902	0.0013462648073812081	0.0013389005638760596	0.001343055060335423	0.0013385065123767306	0.8179570484328715
10.1016_j.ijantimicag.2016.11.027	0.0800657649472308	0.8738932203762508	0.0012850728395719733	0.001285340070207365	0.00127847116475512	0.042192130601983756
10.1016_j.ijid.2016.10.026	0.0014322204153892368	0.0014380862371402917	0.5315918414576055	0.0014294985007281841	0.0014302990377977921	0.462678054351339
10.1038_ng.3767	0.05439349156476399	0.7607394860106971	0.17982539754351143	0.0016842270142238608	0.0016738392295461335	0.0016835586372574518
10.1016_j.tube.2017.01.006	0.001067802909330636	0.0010754097350840284	0.0010716770879835664	0.0010694720961402686	0.0010747902011228208	0.9946408479703387
10.1016_j.jinf.2016.12.005	0.0012688890773326978	0.0012728698329893826	0.001281315400489545	0.001270859985077948	0.0012687298791738547	0.9936373358249366
10.1016_j.ejogrb.2016.12.009	0.000964074273427022	0.16117444762791874	0.000962714137919491	0.036250916678098835	0.35367293286618917	0.44697491441644677
10.1016_j.ijid.2017.01.012	0.0021988777228257317	0.00220208647069089	0.9049974550883135	0.002206305412259067	0.0861851680685875	0.0022101072373233196
10.1016_j.ijid.2016.11.416	0.00167213118235048	0.001675602942947188	0.8281344896118722	0.0016767725509053712	0.0016708870777172148	0.16517011663420758
10.1016_j.ijid.2016.11.002	0.0016874298921996892	0.0016975857445047605	0.8574363831546352	0.0016919652200356936	0.06714274263964906	0.07034389334897558
10.1016_j.ijid.2016.10.021	0.11054268952817678	0.15143690181086653	0.22745606291574327	0.02546212210286633	0.0013686092299588228	0.48373361441238827
10.1093_jac_dkw502	0.17771416820365663	0.6410203482549226	0.0012245129162968445	0.0012240861876010268	0.0012243687102031567	0.17759251572731974
10.21037_jtd.2017.02.54	0.03679098309618002	0.0013572528275100008	0.0013512225302442006	0.0013655941900943462	0.10354624031194683	0.8555887070440246
10.1089_mdr.2016.0075	0.0012643955896883357	0.0012680859178677865	0.29369114960930354	0.11469664923747083	0.0012595311236389176	0.5878201885220306
10.1016_j.yrtph.2016.12.002	0.18848766701771713	0.6462473721318824	0.08749673060283616	0.07406071204350868	0.0018518788118552939	0.0018556393922002546
10.1016_j.cmi.2016.09.006	0.001470122370037161	0.7024867936265269	0.29162916740858313	0.0014761628881626244	0.001464940081630338	0.001472813625059817
10.1183_13993003.00803_2016	0.0014222391226514394	0.02066316803576307	0.0014312427439024974	0.0014194573083566263	0.0014245023046364036	0.97363939048469
10.1183_13993003.02445_2016	0.18471343948219193	0.0015217588030297137	0.0015116116125388104	0.0015181960604458628	0.001513327344676835	0.8092216666971168
10.5588_ijtld.16.0576	0.0016909617492238793	0.0016920227633570508	0.5737753809595784	0.0017008419358866132	0.00170471029281688	0.4194360822991372
10.5588_ijtld.16.0444	0.001664361332005622	0.43058835269494766	0.10659990980714779	0.0016643545143621684	0.0016544130249205482	0.45782860862661606
10.5588_ijtld.16.0155	0.0016688805999929297	0.12520057818210692	0.0016683267622175364	0.04223500109682726	0.1742351083437479	0.6549921050151074
10.5588_ijtld.16.0661	0.0012681734546051947	0.001268814750768042	0.0012728512240717	0.0012662435039135474	0.0012674838677894892	0.993656433198852
10.5588_ijtld.16.0191	0.0014049523643960434	0.001409402996512709	0.1667954630331138	0.7020694524414335	0.0014116854353266217	0.1269090437292173
10.1128_JCM.01865_16	0.001279810194275748	0.302249112493027	0.0012831272997008995	0.6926206941968445	0.0012759146896284413	0.001291341126523486
10.1016_j.tube.2016.12.007	0.05012734709135483	0.8510652384446135	0.052971833857150125	0.001284818289586885	0.04324880871075844	0.0013019536065363704
10.1093_inthealth_ihw059	0.001288467838933634	0.001288991538768124	0.8961296680100541	0.0013000147635931125	0.0012946013592415016	0.09869825648940966
10.1111_tmi.12826	0.0013050577580612699	0.0013078683190818256	0.0013123344209453021	0.001305826224784806	0.0013048099551140522	0.9934641033220127
10.1128_AAC.01400_16	0.0011496782971831914	0.3374831214985313	0.0011489386629873722	0.001144931217547805	0.0011532920351017767	0.6579200382886485
10.1016_j.meegid.2016.12.016	0.274418545100348	0.14969555969867634	0.08563619868093936	0.0013806751651414381	0.0013914350627159083	0.48747758629217897
10.1186_s12906_016_1521_2	0.000872721814674	0.9224082526545863	0.054013452146171134	0.0008740138226380504	0.020955714231755847	0.000875845330174657
10.1038_srep42814	0.7464358967891236	0.2471001133714826	0.0016232083258541756	0.0016189938268033044	0.001607447950245622	0.001614339736490808
10.1186_s12889_017_4089_y	0.0008955578598381765	0.0008921624691439626	0.7616065515959647	0.0008918748750882389	0.000891042265045834	0.23482281093491927
10.1016_j.ejmech.2016.12.042	0.0027857274286350246	0.9608361378207885	0.002799466714934907	0.002787422697234458	0.002797152869646856	0.02799409246876042
10.1371_journal.pone.0172143	0.0011020775212372044	0.001106420904582173	0.10266524726979664	0.589527046642568	0.0010995966223791087	0.30449961103943674
10.1371_journal.pone.0171800	0.07592938546991676	0.024073733272738183	0.41528777495789904	0.001039819362155261	0.001039279850719283	0.4826300070865714
10.1186_s12879_017_2230_2	0.0011019613836811047	0.0011267858013597049	0.0011090461145586868	0.035438755843042055	0.0010995098127471515	0.9601239410446114
10.1016_j.bmcl.2016.12.060	0.0023306821164724044	0.9585206462084869	0.002337639414809668	0.0023251938408918814	0.032143109331420734	0.0023427290879182387
10.1166_jbmb.2017.1643	0.0015471308607980308	0.9434363745732403	0.0015406672561425218	0.05039250633059653	0.0015386245027505063	0.001544696476472147
10.5588_ijtld.16.0493	0.07271600634502592	0.0015931452208792646	0.6512109524541421	0.0015976478532047668	0.0015926279936291617	0.2712896201331188
10.1016_j.cmi.2016.10.006	0.0013296476308821367	0.4304001470987356	0.38629277659250993	0.12112460644472978	0.05953030520934932	0.0013225170237933064
10.1016_j.ijantimicag.2016.10.012	0.07440211879374554	0.48330314558538234	0.001150083579483178	0.10857580123265766	0.0011477526368340934	0.33142109817189713
10.1016_j.ijantimicag.2016.10.020	0.21248468226132822	0.42770892341475625	0.0011787540658140853	0.09444535614190198	0.0011776556808938323	0.2630046284353057
10.1128_JCM.02116_16	0.1384619309910519	0.34443586041031804	0.35858089403719906	0.0012906958937652343	0.0012923108050785783	0.1559383078625873
10.1371_journal.pone.0170663	0.0008789010067794242	0.5210830782418314	0.000882086279036542	0.13188689015473098	0.0008849789621839328	0.3443840653554376
10.1186_s12913_016_1931_3	0.2376402137722855	0.0009615867930613116	0.3892341620150485	0.11144753603634076	0.0009669630400243815	0.25974953834323955
10.1371_journal.pone.0170980	0.0015212214526303277	0.0015254316647827035	0.0015260150853356705	0.013803941562405895	0.0015204680269329056	0.9801029222079125
10.1371_journal.pone.0168865	0.0015698876870637386	0.0015661452528015795	0.033988939267600014	0.0015698442326086697	0.0015629449396016687	0.9597422386203243
10.1371_journal.pone.0170718	0.0018003795180271446	0.001804868218824924	0.33239129159377395	0.0018110748559570845	0.0017993880237322647	0.6603929977896847
10.1186_s12879_017_2200_8	0.0008214074780297123	0.0008214654901787027	0.0008244119955755183	0.4523296486169761	0.0008202039149781802	0.5443828625042618
10.1371_journal.pone.0167559	0.07779895095538615	0.0011507958375450882	0.6220280806159177	0.0011483245074288852	0.0011535653583403637	0.2967202827253817
10.1186_s12913_016_1954_9	0.0009145965196099241	0.0009097118452864692	0.6757384304605493	0.0009090447376416564	0.000910455038015157	0.3206177613988975
10.1371_journal.pone.0169798	0.0011828238068574603	0.0011830600359932478	0.0011833060658604587	0.9746059668180068	0.001181822269580204	0.02066302100370198
10.1371_journal.pone.0169413	0.0008586276290620157	0.7879296178779839	0.0008583778467880309	0.20863723872620715	0.0008568340992119826	0.0008593038207470088
10.1186_s12879_016_2114_x	0.0008675379792931874	0.0008672659187426756	0.7198551816810679	0.0008676685803845702	0.0008693670901160172	0.27667297875039576
10.1080_07391102.2016.1227725	0.0018684478059231087	0.9906681465705282	0.001861355210528435	0.0018663542281390651	0.001875007112470036	0.0018606890724112196
10.5114_ceji.2017.69362	0.0019952131297005906	0.057353221594860726	0.9129941586939324	0.0019958513843162224	0.023658284159708675	0.0020032710374814503
pub-0209	0.001547508392989171	0.2598271295921977	0.214146506818969	0.2206004417086594	0.001534300755257135	0.30234411273192746
10.1155_2017_4563826	0.001700334921810994	0.9010344128126335	0.09216360800082717	0.0016982428861287775	0.0016993821980772201	0.0017040191805223533
10.2147_IDR.S134369	0.0015781444102955016	0.001585258023259894	0.2549747893524255	0.001582314540106244	0.0015755624700556114	0.7387039312038572
pub-0212	0.0013392534378877104	0.0013420039295504848	0.001343787982013091	0.001339672103032283	0.0013489182087308858	0.9932863643387855
pub-0213	0.00155130014727595	0.0015499883250824089	0.001550661351460261	0.0015549319089713234	0.06444872722312736	0.9293443910440827
pub-0214	0.3311392487716062	0.0021055035651881236	0.0020976407793573313	0.002101226155716335	0.002089845699490726	0.6604665350286413
10.2147_IDR.S130203	0.0009317641478525583	0.9173487992671768	0.0009321986432752151	0.07892193161659344	0.0009312891062089854	0.0009340172188932178
10.4103_ijmr.IJMR_831_14	0.001055072250433094	0.14746907475522447	0.0010604337288239445	0.7359274479262946	0.0010578321759466308	0.11343013916327725
10.4269_ajtmh.16_0579	0.1816898677524056	0.7725890404858756	0.0012060556576205124	0.001202648116575311	0.0011940869111062202	0.04211830107641688
pub-0218	0.0018175482939419864	0.35041094512133747	0.0018297083510801066	0.6422938836238065	0.0018217242961689882	0.0018261903136649882
10.1080_20469047.2016.1214796	0.00103673667760808	0.22017678547259587	0.4633126470885623	0.10550443258164358	0.0010446593418794682	0.20892473883771065
pub-0220	0.0013153207154241032	0.0013165129139395694	0.0013174659722551428	0.772146966646581	0.0013181218829267302	0.22258561186887355
10.5588_ijtld.16.0110	0.0015831692387418392	0.0015780854565241706	0.7556587146516618	0.0015832879682006172	0.0015811393330554975	0.23801560335181612
10.5588_ijtld.16.0384	0.06386707316107881	0.001614054252675798	0.0016207561725763995	0.14805621887967266	0.0016095432656781578	0.7832323542683182
10.5588_ijtld.16.0286	0.002093560403310147	0.0021053307609891487	0.49295661856088785	0.16993860497798097	0.0020880478290791504	0.3308178374677527
10.5588_ijtld.16.0433	0.0014535399964345271	0.001454272979270473	0.33649148452382954	0.0014577838872438292	0.0014620425704386156	0.657680876042783
10.1183_13993003.00993_2016	0.0014680884166874504	0.19560977314433337	0.0014644130427846562	0.0014561193364381136	0.0014583066152497625	0.7985432994445066
10.2217_imt_2016_0079	0.338017711130285	0.0013401542765908501	0.0013463538176246724	0.05123765230415259	0.33595069452733695	0.27210743394400994
10.1111_cei.12873	0.06528046796041871	0.42229185662858343	0.12590896261139276	0.0012873246873681798	0.3839430380501624	0.0012883500620746611
10.17179_excli2016_804	0.0012370559359814774	0.5765809833087086	0.0012399401197673036	0.0012321682549388286	0.41846909866340193	0.0012407537172020079
10.1080_21645515.2017.1264781	0.04393910968545587	0.4133798789802518	0.2806501154560779	0.0010473153160440304	0.2599329149294423	0.0010506656327281122
10.2147_IDR.S127903	0.0011246171237661604	0.3600759899964907	0.0011296625003888682	0.49949051788085197	0.0011244085161117923	0.13705480398239053
10.2147_IDR.S126274	0.0013941411306350555	0.0013982181491768663	0.19941293227784257	0.0013990173824333344	0.0013943756964979609	0.7950013153634142
10.1016_j.rppnen.2016.11.009	0.032594358451362986	0.0011643668376837028	0.00117719446140155	0.0011656428039002469	0.0011677302517595774	0.9627307071938919
10.1097_QAI.0000000000001169	0.001296364871205245	0.0012956816704209559	0.0013061437644820797	0.0012974690068059509	0.09204289651049488	0.902761444176591
10.7705_biomedica.v37i1.3174	0.09594456361443165	0.3710546273328118	0.0013359613353941403	0.5290023085896204	0.0013272362246001944	0.0013353029031419451
10.7883_yoken.JJID.2015.629	0.0204381507424881	0.14113131328037185	0.0016454890972783418	0.0016422385809200777	0.0016462947088593664	0.8334965135900823
10.1016_j.tube.2016.10.007	0.0013715986614913336	0.36512483940832396	0.001385545718699088	0.001375973500518012	0.4406499409927831	0.19009210171818455
10.1007_s00203_016_1267_8	0.0016749807554843205	0.81732184650138	0.13333056903741325	0.04432125204343816	0.001675757669985952	0.0016755939922984365
10.1371_journal.pone.0169188	0.0012657783650114425	0.09146523559426419	0.001261337759521466	0.9034869400669789	0.001262069057991378	0.001258639156232871
10.1038_srep39050	0.0018904762037348516	0.2786416316638026	0.0018799489584227936	0.7138132729348524	0.0018794179170147662	0.0018952523221725138
10.1073_pnas.1610978113	0.0013850832807950333	0.6510451020300775	0.3433955833612543	0.0013879147926533911	0.0013886233978753215	0.0013976931373445162
10.3389_fmicb.2016.01947	0.0013109954589530593	0.7760185192929084	0.0013136334475351407	0.0013174188465135738	0.0013052941133243907	0.2187341388407653
10.7861_clinmedicine.16_6_565	0.003581206332661223	0.0035779409016670166	0.9821126689704461	0.0035654603473475755	0.00356131423684992	0.0036014092110281913
10.1089_mdr.2015.0186	0.001329374338503855	0.019859886902557876	0.001337627031437362	0.0013283086314922047	0.0013274594777953979	0.9748173436182133
10.5588_ijtld.16.0096	0.001388154972165436	0.001382572270642218	0.001387232489552705	0.0247318857261415	0.0013852342302786767	0.9697249203112195
10.1002_cpt.507	0.28024198794281674	0.04362368080589788	0.6673066767641311	0.002938514653724406	0.0029441846204185324	0.002944955213011184
10.1016_j.tube.2016.07.010	0.2631227692735519	0.2054756943351571	0.12984190873705417	0.00133526222738039	0.0013176244558086435	0.39890674097104784
10.1186_s12916_016_0723_2	0.0009854571924340983	0.000986542855285437	0.3781479415408968	0.0009809643038286716	0.0009830899530498716	0.6179160041545051
10.1371_journal.pone.0165222	0.06600877326381856	0.4705807534936503	0.0009001657346211275	0.039673150646086265	0.0008969509257325321	0.42194020593609116
10.3389_fmicb.2016.01816	0.0011448038063922815	0.944807927506979	0.050595587375947444	0.0011506503571689557	0.001146753949871402	0.0011542770036409712
10.1186_s12879_016_1993_1	0.0012487841883256686	0.001250381642004331	0.7687184799706731	0.0012550716339350691	0.0012489332603970546	0.22627834930466473
10.1016_j.ejmech.2016.07.039	0.0015348102746579315	0.9066842269152279	0.05288199430212316	0.0015343219345760233	0.03582536514822447	0.0015392814251906203
10.1371_journal.pone.0164974	0.0011031273854479663	0.008056003255823972	0.001102627516172721	0.22869763314471145	0.014174162380919756	0.7468664463169241
10.1016_j.jfma.2015.10.002	0.0010882174069276925	0.0010884287588108592	0.0010927462987825273	0.0010880375585160178	0.0010965300058169351	0.994546039971146
10.1016_j.rppnen.2016.06.006	0.13854510733135908	0.03328281830391405	0.06008427195573909	0.0011435721047668304	0.0011428103778723902	0.7658014199263486
pub-0255	0.0010594271406827982	0.0010696652837665695	0.0010628038822529263	0.8942552258409174	0.01572338077668167	0.08682949707569858
10.1016_j.ijid.2016.08.027	0.0011507013858423954	0.9942283489850214	0.00115031357540181	0.0011522817610985986	0.0011549855124930947	0.0011633687801425702
10.1128_AAC.00632_16	0.08497104099715583	0.06944614355377439	0.0011551670463924714	0.3659547206356492	0.0011383545782172857	0.47733457318881084
10.3349_ymj.2016.57.6.1508	0.0032992586303539507	0.0033376190488109136	0.1581231237131609	0.0032836519410167106	0.003289132554936716	0.8286672141117208
10.1007_s40261_016_0443_6	0.4539326492118495	0.0012431395132965466	0.2818369488662448	0.001242406239696395	0.0012470327415873873	0.2604978234273253
10.5588_ijtld.16.0111	0.0013527561802498427	0.0013502176844655074	0.7463170015632081	0.0013539493954961726	0.0013525361974564838	0.24827353897912374
10.5588_ijtld.16.0033	0.0017285030578092066	0.05336500898078583	0.0017346043635147529	0.0017293600491252832	0.1908461158886607	0.7505964076601042
10.1039_c6ob01893a	0.14523804020422929	0.3502490081649972	0.4962715704236964	0.002740341785469397	0.002748052354050958	0.002752987067556723
10.1186_s12879_016_1920_5	0.0009546514520544093	0.18849215051948015	0.31260217194508505	0.05538917047859578	0.0009515457592875778	0.44161030984549704
10.1371_journal.pone.0163994	0.0008187978164644621	0.2576939264717056	0.0008215003652811098	0.2259901659786087	0.0008198638980291503	0.5138557454699111
10.1128_AAC.00961_16	0.00123200228147328	0.7210998277042517	0.0012378376790472716	0.0012340180466609515	0.04618925722141016	0.22900705706715654
10.1128_AAC.00962_16	0.0011348457227927612	0.5237563222255238	0.001133335601849887	0.0011356227307863283	0.0011383751710913133	0.47170149854795584
